<?xml version="1.0"?>
<opencv_storage>
<fool type_id="opencv-object-detector-hog">
  <winSize>
    144 32</winSize>
  <blockSize>
    16 16</blockSize>
  <blockStride>
    8 8</blockStride>
  <cellSize>
    8 8</cellSize>
  <nbins>9</nbins>
  <derivAperture>1</derivAperture>
  <winSigma>4.</winSigma>
  <histogramNormType>0</histogramNormType>
  <L2HysThreshold>2.0000000000000001e-01</L2HysThreshold>
  <gammaCorrection>1</gammaCorrection>
  <nlevels>64</nlevels>
  <signedGradient>0</signedGradient>
  <SVMDetector>
    5.16126119e-03 -2.11454425e-02 -3.39606516e-02 -2.81802714e-02
    -3.69537435e-03 -9.10922140e-03 -4.12431508e-02 -5.05129136e-02
    -9.83469468e-03 1.12422341e-02 -5.70886396e-02 -6.22287579e-02
    -1.29802562e-02 -4.03232947e-02 1.32306358e-02 -1.44526539e-02
    -3.74911241e-02 -7.12777895e-04 2.70956568e-02 8.03217664e-03
    6.16136333e-03 1.47043495e-02 3.57931443e-02 2.47663148e-02
    -1.56735778e-02 -3.36970086e-03 3.40097100e-02 1.54206995e-02
    -1.59001593e-02 -3.21502052e-02 1.86639582e-03 -1.13532366e-02
    2.07114890e-02 3.02590188e-02 2.59460951e-03 3.84610817e-02
    8.27666186e-03 -3.83339226e-02 -2.45125014e-02 3.15987654e-02
    -2.74820179e-02 2.68781744e-03 5.38362016e-04 -3.42560299e-02
    -4.68722894e-04 1.49067314e-02 -4.31432687e-02 -1.54361501e-02
    1.47871403e-02 -3.70347276e-02 -1.13554569e-02 -1.07148010e-02
    -5.37339188e-02 2.20938306e-02 3.96079049e-02 1.63261741e-02
    -2.91837868e-03 1.57262273e-02 -1.62137914e-02 -5.24341129e-03
    1.32186068e-02 8.04822077e-04 2.23600566e-02 3.46801654e-02
    2.15870067e-02 2.55461428e-02 2.21771225e-02 2.36797221e-02
    1.73262060e-02 3.96067230e-03 -1.26791522e-02 1.50911119e-02
    2.15233732e-02 -4.63992618e-02 -2.46320944e-02 -2.20664591e-02
    -7.01740384e-02 -4.30064313e-02 -1.55288223e-02 -3.06747574e-02
    5.19249626e-02 -3.97611782e-02 -4.60867397e-02 -7.07386201e-03
    2.68556140e-02 8.30686316e-02 3.27507965e-02 3.62582481e-03
    -3.35055101e-03 1.02458429e-02 2.55358107e-02 -1.42715620e-02
    -1.35115152e-02 -8.34018923e-03 2.99693691e-03 -3.02402023e-02
    -2.33455785e-02 1.19563313e-02 3.28838825e-02 -2.04609837e-02
    -3.09763402e-02 -2.09052283e-02 3.62678431e-02 1.12563565e-01
    5.32285646e-02 9.19688866e-03 5.27389646e-02 6.27274439e-03
    -1.61392484e-02 1.19654275e-03 -1.20720956e-02 6.64565305e-04
    1.57553758e-02 -2.25392710e-02 -3.97267491e-02 -2.02667229e-02
    -1.46643836e-02 -2.43687928e-02 -2.12859083e-02 -2.38574762e-02
    -1.18461922e-02 -3.84988524e-02 -2.82601323e-02 -2.73943823e-02
    -2.41187979e-02 -2.26955786e-02 3.38016413e-02 3.35465297e-02
    3.76069825e-03 1.24830718e-03 1.01649028e-03 1.33459652e-02
    -7.84632936e-03 2.05529239e-02 1.75424572e-02 4.03821208e-02
    -1.25237517e-02 -1.37732923e-02 -2.38337759e-02 -1.68297756e-02
    -1.32538397e-02 -1.89000499e-02 -7.24541442e-03 -2.93072825e-03
    -1.51411081e-02 -2.03522369e-02 -2.18406431e-02 -8.37879535e-03
    -3.77730317e-02 -3.70914377e-02 -3.19555029e-02 -1.57627799e-02
    -2.14841012e-02 5.04096563e-04 -9.12764668e-03 -7.26933451e-03
    -8.50990973e-03 -2.75822468e-02 -3.44773009e-02 -3.24851163e-02
    -2.02795565e-02 -2.19456702e-02 2.22289823e-02 -2.25862712e-02
    -2.53638122e-02 -6.80325599e-03 -3.62942033e-02 -4.47564945e-03
    -1.36222336e-02 -1.27108325e-03 1.54034346e-02 4.98002628e-03
    -3.44803669e-02 -1.64534058e-02 -3.98253696e-03 -1.73050836e-02
    -4.34674975e-03 9.84630664e-04 3.45427287e-03 1.53252725e-02
    2.05745529e-02 3.14515643e-03 3.59551748e-03 3.23651661e-03
    -3.86089049e-02 -6.35991693e-02 -2.74514258e-02 8.82096123e-03
    1.39854476e-02 -4.93403226e-02 -1.66122075e-02 -1.70793943e-02
    -1.83433685e-02 7.82041401e-02 -1.63435917e-02 -1.18637756e-02
    2.37123817e-02 -3.07803173e-02 3.98897864e-02 2.61147153e-02
    1.88905764e-02 3.13313641e-02 -1.26271811e-03 -2.46550683e-02
    9.47840512e-03 2.36612875e-02 4.81370017e-02 -3.18823606e-02
    7.01028900e-03 9.13754199e-03 1.21141775e-02 8.70045722e-02
    9.57556535e-03 9.75579675e-03 3.31693105e-02 2.80788494e-03
    1.37827666e-02 2.83613913e-02 -3.16059712e-04 -2.28782855e-02
    1.12187751e-02 1.51676219e-02 -5.72354242e-04 2.24943832e-02
    1.88546963e-02 3.08780316e-02 1.16489008e-02 -1.54794557e-02
    -2.60651074e-02 -2.79887095e-02 -2.21325061e-03 -1.01056071e-02
    -5.77968871e-03 2.61702985e-02 -9.85095929e-03 1.11091742e-02
    1.08522344e-02 1.29397390e-02 1.45001188e-02 -7.35753356e-03
    9.65990825e-04 2.44574118e-02 1.30780749e-02 8.80737382e-04
    1.65574010e-02 -5.84760075e-03 3.66731361e-03 -1.51481787e-02
    -3.64426896e-03 -6.02887245e-03 2.25042412e-03 2.04835529e-03
    2.22146679e-02 -1.05884457e-02 -1.68022066e-02 -1.98402889e-02
    -3.92634533e-02 -1.20057138e-02 -3.41592692e-02 -2.93185073e-03
    2.43104436e-02 1.78777277e-02 -4.21401486e-02 -2.50038560e-02
    2.53916602e-03 -5.01558278e-03 -3.27711646e-03 -5.10082440e-03
    1.00469170e-02 1.51665993e-02 -5.34378970e-03 -6.89120172e-03
    -2.50669792e-02 -8.98495410e-03 -3.20772678e-02 -9.77089256e-03
    -3.68787237e-02 -1.35266753e-02 -8.34440719e-03 -2.28624418e-03
    -2.15685405e-02 -4.77598198e-02 -4.79627214e-03 -6.24871114e-03
    1.08171189e-02 -5.27459942e-03 -2.27517933e-02 1.54579505e-02
    2.49364581e-02 4.36309259e-03 -6.04829111e-05 1.56919919e-02
    -1.62602705e-03 -8.54727533e-03 1.29211098e-02 3.68409306e-02
    1.83344763e-02 -5.96259497e-02 1.00534568e-02 2.20988933e-02
    3.73396534e-03 4.62620892e-02 -4.13232669e-02 1.12006557e-03
    8.92033428e-03 -3.38761285e-02 4.75320853e-02 1.64317042e-02
    -2.25541815e-02 -6.02243515e-03 5.62252803e-03 1.54873710e-02
    2.04558708e-02 3.74077670e-02 5.22648916e-02 -7.01935636e-03
    3.30372863e-02 2.11043432e-02 -1.88934170e-02 3.61019447e-02
    -1.18383570e-02 1.90143548e-02 1.62924286e-02 -5.30558231e-04
    1.98199358e-02 9.68430471e-03 -4.36374266e-03 1.61497761e-02
    3.76482285e-03 -1.08488211e-02 -4.83288569e-03 8.37887358e-03
    -4.49683983e-03 3.49584892e-02 2.84589548e-03 -2.77986042e-02
    -3.00615025e-03 -1.83880422e-02 -3.39524052e-03 6.56543393e-03
    -2.48541939e-04 1.51111549e-02 -1.67771685e-03 1.86370965e-02
    3.74163408e-03 -9.89020336e-04 -5.15033118e-03 -1.86600517e-02
    1.14853736e-02 1.60665847e-02 -2.69993823e-02 2.43505836e-02
    1.36532832e-03 -2.03379039e-02 -7.93786254e-03 -1.86380502e-02
    -1.55785577e-02 4.68588527e-03 1.79548636e-02 1.64774712e-02
    1.79783739e-02 -4.70936159e-03 -4.35265154e-02 -2.53338483e-03
    -1.87642705e-02 3.95403802e-03 -1.45803057e-02 -1.36530520e-02
    2.65479065e-03 2.33118795e-02 -2.07252633e-02 -5.46816140e-02
    -3.26005579e-03 -8.69425666e-03 3.12683615e-03 -2.30816491e-02
    -4.10334133e-02 2.65591405e-02 1.46646742e-02 -1.61990728e-02
    -4.73340973e-02 -1.43803833e-02 -8.77724122e-03 1.10115968e-02
    -2.16651219e-03 2.98108086e-02 1.24069089e-02 2.05164850e-02
    -1.56975556e-02 -4.84605059e-02 -1.46383177e-02 -1.81373321e-02
    -1.71317495e-02 -1.91746131e-02 -1.75014194e-02 1.77270565e-02
    7.35088363e-02 2.52809245e-02 -1.24298204e-02 6.18741289e-03
    -1.73507184e-02 4.29968117e-03 1.88840833e-03 9.60824545e-03
    5.30342534e-02 -1.66517030e-02 3.73233221e-02 1.30274668e-02
    -2.90408507e-02 2.42221486e-02 3.81411309e-03 7.13601010e-04
    1.00474041e-02 -2.74586175e-02 3.51309516e-02 3.77572253e-02
    8.42907350e-04 9.07042157e-03 -2.44529694e-02 -2.18622778e-02
    -1.18528958e-02 7.86275417e-03 3.89908254e-02 -5.23731671e-02
    2.60891933e-02 1.30156791e-02 -2.22743228e-02 6.66496903e-02
    1.02209148e-03 -7.53541535e-04 1.84607655e-02 -5.77285662e-02
    1.53777504e-03 2.33913083e-02 -3.01859132e-03 -1.08098295e-02
    -1.63953472e-02 -1.98860932e-02 -9.00976267e-03 -5.08245139e-04
    -1.55104855e-02 2.67498679e-02 1.92692538e-03 -1.59223396e-02
    -8.13510269e-03 -1.25125600e-02 -5.22892922e-03 -1.65699534e-02
    4.19384521e-03 5.60385175e-03 3.71354371e-02 1.61018521e-02
